1031845
1031898
1032460
3928044
3928053
3927988
1975610
1975608
1975657
1975859
1975894
1975937
1981205
1981206
1981251
1981461
1981495
1981534
1983844
1983845
1983984
1984200
1984224
1984263
226603
226604
226646
226647
226656
328983
328984
329024
329249
329284
329323
372362
372965
375374
470177
470178
470249
470504
470551
470599
1981217
3928051
1645159
1645160
1645361
1645807
1645808
1645996
1646375
1646374
1646572
1646911
1646912
1647110
1647537
1647536
1647722
1648070
1648069
1648272
1648625
1648626
1648812
1649147
1649148
1649358
1649727
1649728
1649912
1650276
1650277
1650468
1650819
1650820
1651008
1651377
1651378
1651564
1651921
1651922
1652107
1652477
1652476
1652686
1653038
1653039
1653223
1653587
1653588
1653776
1654134
1654133
1654323
1654691
1654692
1654873
1655225
1655226
1655433
1655801
1655802
1655990
1656350
1656349
1656539
1656893
1656894
1657077
1657424
1657423
1657621
1657974
1657973
1658159
1658527
1658528
1658717
1659067
1659068
1659251
1659624
1659623
1659795
1660146
1660145
1660330
1660698
1660699
1660875
1661223
1661222
1661414
1661784
1661783
1661956
1662300
1662299
1662484
1662849
1662850
1663023
1663381
1663382
1663591
1663935
1663934
1664106
1664504
1664503
1664960
1665318
1665319
1665502
1665842
1665843
1666051
1666468
1666467
1666653
1667023
1667024
1667200
1667540
1667539
1667737
1668108
1668109
1668294
1668639
1668640
1668819
1669185
1669186
1669373
1669714
1669713
1669894
1670295
1670296
1670477
1670830
1670831
1671015
1671394
1671395
1671621
1671957
1671958
1672160
1672673
1672672
1672864
1673200
1673201
1673401
1673789
1673788
1674021
1674658
1674659
1674866
1675271
1675272
1675459
1675810
1675833
1676007
1676375
1676376
1676541
1676928
1676929
1677099
1677510
1677511
1677711
1678143
1678142
1678316
1678762
1678763
1678929
1679394
1679393
1679661
1680073
1680072
1680249
1680431
1680430
1680491
1680716
1680756
1680795
1681878
1681923
1681981
1683032
1683077
1683121
1684152
1684202
1684240
1692353
1693032
1740489
1745023
1747039
1748375
1750951
1754939
1756376
1759856
1760934
1761999
1763141
1764468
1765791
1767198
1768572
1775928
905433
905434
905500
905799
905836
905885
912493
912768
913030
1707629
1707744
1707958
1708002
1708029
1708049
1713871
1715135
1715608
1717698
1718291
1719637
14816
14984
15132
15287
6826
6875
6884
6896
43009
43018
